
p1 =

    0.1576


p2 =

    0.1530


p3 =

    0.1464


p4 =

    0.0711

